"","LakeArea","LakePerim","ShoreDevel","BASINAREA","DEPTHMAX","ELEV_PT","CHLA","DO2_2M","PH_FIELD","COND","ANC","TURB","TOC","DOC","NH4","NO3_NO2","NTL","PTL","CL","NO3","SO4","CA","MG","Na","K","COLOR","SIO2","H","OH","NH4ION","CATSUM","ANSUM2","ANDEF2","SOBC","BALANCE2","ORGION","CONCAL2","CONDHO2","SECMEAN","TminW","TmaxW","TmeanW","DDs40","DDs45","DDs50","DDs55","MaxLength","MaxWidth","MeanWidth","FetchN","FetchNE","FetchE","FetchSE","MaxDepthCorrect","VolumeCorrect","MeanDepthCorrect"
"LakeArea",1,0.933176309117024,0.674710287220812,0.766238186179981,0.374605387490863,-0.0951437643769546,0.00885757450925526,0.014299961657417,0.0449352958781037,0.0873941382283728,0.0869741677817675,-0.0138228498607764,-0.133781167855597,-0.131623416366346,-0.0649336102932911,-0.00469359435641166,-0.0983995559258366,-0.0295726665077284,0.126906580136899,0.0448248600576168,0.126427215859825,0.13132029481683,0.0626189027876328,0.107105492824993,0.0731541608663301,-0.147307925869237,0.0831905321758287,-0.0599180919256026,0.0348205601765328,-0.0566170811571544,0.0821808561853452,0.0844543735744429,0.082621304944349,0.0823590413129301,-0.0781064747293791,-0.126711735940201,0.0840891265687133,0.083303246452946,0.0427121666130699,0.116643936533878,0.110406878312627,0.113696218207393,0.142825753833221,0.141945926399158,0.141436007899375,0.141582568650075,0.875105668448465,0.870515399328804,0.912972760241702,0.872145851121421,0.870543481386985,0.86587327501747,0.870549488540302,0.519670202045027,0.791592961634322,0.410014671082916
"LakePerim",0.933176309117024,1,0.868251967477945,0.817058700065087,0.395803700949872,-0.115670235451396,0.019320820120647,0.00894120005075177,0.0323694528472711,0.0650551623821688,0.0712324911343839,0.000482903015648323,-0.187937133871474,-0.188534904149815,-0.0742652987673464,0.0356758759168034,-0.114638907371671,-0.0347638574216135,0.125966323884527,0.081344037499159,0.10919236613717,0.122683556572999,0.0394758630443621,0.0904573049495957,0.0631495409569074,-0.154066996003873,0.081429338427247,-0.0782512297662169,0.00401127917764713,-0.0610160497864812,0.0594585734596855,0.0628167656474875,0.0714524697036227,0.0598398164855021,-0.0779882702847271,-0.181423239131828,0.0609116534837915,0.0593120836310204,0.0103524992099671,0.163526248564606,0.154733480388532,0.15898404227192,0.174407982803805,0.174400016918297,0.17456819353504,0.175195766489276,0.873023036887039,0.849583583664733,0.917605796972261,0.847409880972765,0.847481690446098,0.840002688012504,0.847568463655367,0.511931917991049,0.78407108197081,0.378449389513872
"ShoreDevel",0.674710287220812,0.868251967477945,1,0.69581601697115,0.308762772443817,-0.171885422171506,0.0469725012003005,-0.0195583373699375,-0.0238388361414335,0.0043545676164856,0.0116716544474967,0.0144663554222509,-0.226275624696486,-0.232392333915884,-0.0863004458182001,0.0975911148739483,-0.111938601965691,-0.0254127884812476,0.0948253915145406,0.12010482621969,0.0540588253890634,0.0733369645392327,-0.0299423749977108,0.0384816838405267,0.0255988571002145,-0.0921136331491952,0.0455158541841663,-0.080640453952769,-0.0674328780507863,-0.0648887057800958,-0.0017745902323161,0.00200192372312897,0.0146904266571723,-0.00121635555334374,-0.0497002492074391,-0.222981205652074,-0.000327152188169678,-0.00131404418505908,-0.0536424105344149,0.239300875181745,0.23609800525297,0.238094601666448,0.233565748334241,0.234037330919997,0.233799890162349,0.232830434912947,0.582819216895806,0.557057528359523,0.689981848163597,0.552196698285843,0.554811628397849,0.54074531876116,0.554984343199618,0.34493358181812,0.520958220226364,0.209630840497696
"BASINAREA",0.766238186179981,0.817058700065087,0.69581601697115,1,0.286991641969951,-0.00267162286584449,0.0431895478445099,-0.0218300042631682,0.0739328189633768,0.153132627413217,0.163424810149194,0.084088816323037,-0.140554011310161,-0.137964270429881,0.008406871866731,0.114747928736176,-0.0444274116247641,0.077221381728998,0.171360542163373,0.165940158113383,0.181280337703016,0.204524814806281,0.120695452079972,0.178832678901415,0.153037110226354,-0.0710825454231733,0.235272308075366,-0.10181276646813,0.0520565129169644,0.0170371750114734,0.149224969708429,0.15209431669117,0.128423401933183,0.149609714838415,-0.0929683246708257,-0.13278380456885,0.14846833298514,0.147628271243354,-0.0650392602498308,0.0817098916601337,0.081408010392593,0.0808068334505434,0.117211907937475,0.118852578294834,0.121936404809559,0.127183834039451,0.743374957600314,0.703063879359581,0.756468191556365,0.704627544023001,0.705490068760661,0.70547761139694,0.705342793526395,0.414562317592879,0.651775829247463,0.311492139764063
"DEPTHMAX",0.374605387490863,0.395803700949872,0.308762772443817,0.286991641969951,1,0.167707041218152,-0.514773070669294,0.177528461057566,-0.0762718967798231,-0.246274849505655,-0.168164263161067,-0.561713401251102,-0.554007495123117,-0.531701331526858,-0.372261672867724,-0.00310510479144371,-0.583139999269938,-0.589855479594153,-0.236500960219138,0.0189489648683269,-0.15778818546032,-0.114677643217142,-0.221126676065157,-0.286735851950124,-0.345681687631138,-0.501702020211529,-0.183915185820004,-0.0363548430024581,-0.21904249698615,-0.342615801066698,-0.24360642813233,-0.239824343324727,-0.207145014864622,-0.242695017418992,0.00822567521108924,-0.534416100674738,-0.245845077077953,-0.246215789114832,0.701474739603337,-0.138359445557003,-0.165180911245968,-0.152650876514364,-0.122752322868781,-0.132276546894466,-0.13993705079786,-0.145124187278838,0.380822520334547,0.349151273419953,0.383677187440007,0.368443069093106,0.351811023874173,0.355302565205404,0.351511760570017,0.622848334529572,0.512800246328691,0.606478969008665
"ELEV_PT",-0.0951437643769546,-0.115670235451396,-0.171885422171506,-0.00267162286584449,0.167707041218152,1,-0.280388316478691,0.00396857589760795,0.222695506126146,0.0698048339857072,0.203410066570464,-0.0491498544497972,-0.0382237859221797,-0.0145553868750005,0.0584615911960774,-0.0860303727083115,-0.0950256633399142,-0.0344722403634794,-0.270025330767178,-0.0180754785837128,0.0872273668152058,0.112813690118032,0.118129102422627,-0.0179811619831138,0.0412369510197826,-0.185134355543935,0.143459280018769,-0.131725502913966,0.16569934466666,0.023212922005395,0.0930971445226779,0.0912066368952951,0.0745531878885271,0.0937025532192482,-0.00426160890257567,-0.0326692529183771,0.0800016673639632,0.0672122403613677,0.232970684815717,-0.535693193685105,-0.54081398159735,-0.54180302274514,-0.420839480073482,-0.415966729470796,-0.405304008243992,-0.388978467655306,-0.0451226025310417,-0.0623280117556519,-0.0807156934471625,-0.0513232073662544,-0.0558783358301065,-0.0349278440944697,-0.0566200727848346,0.192367124601916,0.0546458048253099,0.214162127362933
"CHLA",0.00885757450925526,0.019320820120647,0.0469725012003005,0.0431895478445099,-0.514773070669294,-0.280388316478691,1,-0.106201092845662,0.293537536125263,0.35359427145086,0.335899231949439,0.733773272517569,0.538541369044111,0.489297828865203,0.318800517688214,0.0303629374002891,0.715222460945966,0.721995102019705,0.388875311130735,0.0133000770343665,0.238489820086831,0.308748968049835,0.339729314453756,0.349982104213109,0.506174941263252,0.4332786026054,0.280267125131215,-0.118699197023856,0.361748382474151,0.284800292904291,0.34953488209536,0.349305581861215,0.282819116940715,0.349264836175425,-0.0991072787161869,0.505688413244513,0.348692201424436,0.35037411065208,-0.788861781453928,0.312473893028906,0.322750310198317,0.318712936282027,0.300643032649778,0.312954876862641,0.321673309863138,0.325559441004879,-0.00979249076211314,0.0105653506509118,-0.000147976896341301,-0.00437334499391589,0.0085647138112956,-0.00567318867224452,0.00849278197779863,-0.355065225148923,-0.15201700524936,-0.384136079658584
"DO2_2M",0.014299961657417,0.00894120005075177,-0.0195583373699375,-0.0218300042631682,0.177528461057566,0.00396857589760795,-0.106201092845662,1,0.262793678508962,-0.0520603388632538,-0.0494138839555013,-0.214310892232736,-0.154245987211695,-0.154815947934308,-0.276004147561461,0.035668733919196,-0.124465492849519,-0.201437089773065,-0.0468826153182224,0.0216212402934433,0.000262196669084993,-0.033087544427287,-0.0387757728078264,-0.0572893731239529,-0.141880352015942,-0.20800963710883,-0.156945796162027,-0.0433615044287085,0.176788949532325,-0.311210392175382,-0.0484910302958018,-0.0456019237850162,-0.156401329904877,-0.0477588252326582,-0.0271508318775497,-0.156051005156485,-0.046931648068128,-0.0555084653727144,0.216171356370427,-0.12802022430015,-0.123103280683614,-0.126156059187952,-0.19965554076929,-0.203241898644833,-0.206280918548194,-0.207748329080248,0.0293456284322025,0.00789927281865049,0.0214464313209952,0.0270276481305493,0.00910375052457421,0.0262929339874587,0.00829565155835973,0.155821045437803,0.0866632140589972,0.162175603205245
"PH_FIELD",0.0449352958781037,0.0323694528472711,-0.0238388361414335,0.0739328189633768,-0.0762718967798231,0.222695506126146,0.293537536125263,0.262793678508962,1,0.560576399826828,0.70766217578976,0.274680552476109,0.282566033683037,0.274458225025963,0.207811020643123,0.031233849636359,0.408739472452232,0.339356029621548,0.275873465265763,0.0292987711112103,0.391590819222932,0.598927098670556,0.587455334230142,0.401807520285452,0.460529946295818,-0.0265013181591606,0.281142820035642,-0.531200065009169,0.709039012104394,0.128649573685874,0.581813150092029,0.586932083312484,0.27808623847052,0.583868292680206,-0.289343611769378,0.289212751001191,0.562542005254885,0.548138468007088,-0.185823830549945,-0.016639845972727,-0.02807113320969,-0.0236097554526928,-0.0767106694106782,-0.0676793577894848,-0.0572521654924342,-0.0452692087551324,0.0700503639951605,0.068981246419398,0.0649002100082348,0.0623679381039911,0.0682613241131561,0.0956466307992134,0.0683702158292355,-0.0270101585619316,0.0387972731887344,-0.0390155972311673
"COND",0.0873941382283728,0.0650551623821688,0.0043545676164856,0.153132627413217,-0.246274849505655,0.0698048339857072,0.35359427145086,-0.0520603388632538,0.560576399826828,1,0.863350412477374,0.405969086136882,0.564728818657701,0.574359232870578,0.453832880723581,0.0796685038080497,0.641065592885025,0.530085060622266,0.786170486816291,0.125610793947386,0.851157353449188,0.838312853452602,0.926472045989568,0.894061045548557,0.836910753863595,0.182105971123947,0.306132036281484,-0.290256207543985,0.690888795696743,0.390912853642807,0.99781117188284,0.997537538984205,0.579964392380103,0.997634362838075,-0.392877670990263,0.584029901143698,0.998912698279771,0.985062025152841,-0.407482145902224,0.0987033887142325,0.0933176266138332,0.0953987986486987,0.012197819774993,0.0298276669993695,0.0458802932777108,0.0599217677985231,0.0789276808091237,0.102336673620955,0.0981177675851195,0.0832733482431677,0.106167354407981,0.105147169398454,0.105629697114938,-0.216780710051491,-0.0444320011129973,-0.238570695261746
"ANC",0.0869741677817675,0.0712324911343839,0.0116716544474967,0.163424810149194,-0.168164263161067,0.203410066570464,0.335899231949439,-0.0494138839555013,0.70766217578976,0.863350412477374,1,0.419278200865839,0.503245325513322,0.512682531665258,0.431637131774201,0.0669423180079439,0.583035672321379,0.510492269066722,0.532689677395684,0.116281698652678,0.628148536897762,0.844767506321608,0.857600555429734,0.658851700847678,0.733245628514432,0.146549699296696,0.414274419062807,-0.595210011135963,0.743161062540355,0.366127495255157,0.88076682507917,0.882437725074427,0.520386105867082,0.881114345864399,-0.36600851321309,0.526091516154491,0.861108575407078,0.875391370225642,-0.376763412354064,0.0395473163965209,0.0335267357149871,0.0359389255032658,0.00111612076458404,0.01821198507358,0.0354004006299692,0.0522327490490706,0.0899551484419921,0.101321220362907,0.0996622629741423,0.0916789480216301,0.102861608023764,0.115537668843491,0.102335117810236,-0.150010893219176,-0.00468569859404459,-0.172008040865122
"TURB",-0.0138228498607764,0.000482903015648323,0.0144663554222509,0.084088816323037,-0.561713401251102,-0.0491498544497972,0.733773272517569,-0.214310892232736,0.274680552476109,0.405969086136882,0.419278200865839,1,0.516108525973286,0.480245340893045,0.431715253060781,0.10400909495324,0.692214712318548,0.799873621892253,0.335402053398012,0.160596868070196,0.297123295140481,0.340315961387914,0.371326483079782,0.40254907539666,0.557600370446,0.409175586572551,0.428884839594672,-0.108704918966524,0.374627586274907,0.39361829240334,0.404667541447203,0.406401758353258,0.335550332879231,0.404068994020307,-0.179076685036469,0.488137892941058,0.401959176176832,0.406128750313191,-0.840992751936965,0.159252342969084,0.173020726374481,0.165966313674166,0.182975392404374,0.195415576322881,0.206276833122415,0.214562675851852,-0.00069226412007486,0.0122857699859818,-0.010531397520581,-0.00165746462410825,0.0108238048648079,0.00386696703727718,0.0112231592187353,-0.36756273126793,-0.157716611249482,-0.392445994593708
"TOC",-0.133781167855597,-0.187937133871474,-0.226275624696486,-0.140554011310161,-0.554007495123117,-0.0382237859221797,0.538541369044111,-0.154245987211695,0.282566033683037,0.564728818657701,0.503245325513322,0.516108525973286,1,0.99235296061452,0.506300460760925,-0.0611699628750514,0.804174335594299,0.653301050706652,0.442473494935786,-0.0638678050885908,0.426865563735832,0.311232300896187,0.548554016985135,0.562870589218674,0.691021764297703,0.616201490808909,0.229568392127684,-0.0503832641028112,0.512767506093064,0.434589209283724,0.568503402051692,0.559324866419598,0.50387739007771,0.567416588963203,-0.0732785389932185,0.988082392438703,0.565477964807441,0.560071159896178,-0.574754785597202,0.0606601340490343,0.0721792434115404,0.065564339516814,0.0164159255678248,0.0302595014023004,0.0401214506449124,0.0456699213635933,-0.153834599935954,-0.11135943946808,-0.123883613184552,-0.137813304186548,-0.10464767798647,-0.0963976133389063,-0.104346540148209,-0.395428795236818,-0.254859702641176,-0.400521633324585
"DOC",-0.131623416366346,-0.188534904149815,-0.232392333915884,-0.137964270429881,-0.531701331526858,-0.0145553868750005,0.489297828865203,-0.154815947934308,0.274458225025963,0.574359232870578,0.512682531665258,0.480245340893045,0.99235296061452,1,0.511015869337139,-0.0616150034124995,0.78274988382268,0.629989158966977,0.44074466993267,-0.0607687637349709,0.439459805776528,0.32037788211561,0.557237754790599,0.567182489315647,0.691751596284445,0.61613280028764,0.221590706951739,-0.0486839559734055,0.509397193246107,0.440636653742468,0.578986483996346,0.569380234297543,0.516452467628073,0.577866729622074,-0.0718997837626059,0.995329859286498,0.575644620968103,0.570089659340432,-0.541975662367775,0.0431884592938258,0.0543278165547572,0.0478140500229717,0.00228854763052044,0.0160501424093228,0.0259020015305472,0.031560101343766,-0.151713919999872,-0.108024705750197,-0.121634219503987,-0.136996074010209,-0.100111687242315,-0.0914455569451518,-0.0998795688873099,-0.381510893477556,-0.247692319811249,-0.385686988203387
"NH4",-0.0649336102932911,-0.0742652987673464,-0.0863004458182001,0.008406871866731,-0.372261672867724,0.0584615911960774,0.318800517688214,-0.276004147561461,0.207811020643123,0.453832880723581,0.431637131774201,0.431715253060781,0.506300460760925,0.511015869337139,1,0.205752581274691,0.585311448504636,0.55848465282269,0.33389404106344,0.35293138462369,0.355782663911294,0.357722576059685,0.448948662447988,0.418479397253675,0.526369836298804,0.332870227573083,0.303692522846193,-0.110545698707845,0.319553774098759,0.981068950499014,0.458514198804846,0.45662480883494,0.329225083776225,0.457258271420407,-0.13831880005857,0.509788830952844,0.456365134735518,0.454436715834829,-0.400026916727314,-0.0398520951212934,-0.0321067438828437,-0.0363421325316708,-0.106635391716113,-0.0946394652857553,-0.0837818566729874,-0.0742712416181518,-0.0553390833069178,-0.0249091938825729,-0.0435888547811116,-0.0504025406182607,-0.0269823909106165,-0.0253196272117331,-0.0265636322519275,-0.244444595715196,-0.135757754216423,-0.249388108646188
"NO3_NO2",-0.00469359435641166,0.0356758759168034,0.0975911148739483,0.114747928736176,-0.00310510479144371,-0.0860303727083115,0.0303629374002891,0.035668733919196,0.031233849636359,0.0796685038080497,0.0669423180079439,0.10400909495324,-0.0611699628750514,-0.0616150034124995,0.205752581274691,1,0.247776118496193,0.134292190815699,0.105305044108443,0.742294610135508,0.089739956159815,0.10784225437756,0.060578328873926,0.0662509777998999,0.070602115893868,0.0312018454112212,0.0634127597671375,-0.0415000160839656,-0.000363606092445062,0.219001755613672,0.0738388016056877,0.0757561044301185,0.0914963173545853,0.0738199357568934,-0.0612690228838037,-0.0575880654307722,0.0765697522136732,0.0788181875010528,-0.0755531490770247,0.0201365596147401,0.024893854571649,0.0228933683015952,-0.00995996938770818,-0.00649200738327273,-0.00316327727232572,-0.000121099813618667,0.000510280620598119,-0.0344073052468081,-0.0109808487314455,-0.0293985239888821,-0.0390899365757546,-0.0253815127050643,-0.038793824230198,-0.0219832998381129,-0.00987037870512337,-0.0250890887491914
"NTL",-0.0983995559258366,-0.114638907371671,-0.111938601965691,-0.0444274116247641,-0.583139999269938,-0.0950256633399142,0.715222460945966,-0.124465492849519,0.408739472452232,0.641065592885025,0.583035672321379,0.692214712318548,0.804174335594299,0.78274988382268,0.585311448504636,0.247776118496193,1,0.809979392695031,0.550461807767199,0.222805116158611,0.490888564167989,0.486713185379654,0.623990692158807,0.603639919120759,0.72909327349425,0.529738132843214,0.31211793424425,-0.151891539566053,0.571065708039136,0.526040054069294,0.641868819879035,0.637636738577035,0.489742447894615,0.641164692968113,-0.163496944867829,0.794341942951764,0.639754364398612,0.638268369688148,-0.707900031335755,0.146219375604309,0.157949123636022,0.15210444158084,0.111218545839544,0.129404559513625,0.144061808625572,0.154274904656033,-0.115457106935247,-0.0801915658355966,-0.0868050387932043,-0.109393890420408,-0.0791293545536025,-0.0739852856895996,-0.0790391816585308,-0.419776052952087,-0.239243567639679,-0.436700297212515
"PTL",-0.0295726665077284,-0.0347638574216135,-0.0254127884812476,0.077221381728998,-0.589855479594153,-0.0344722403634794,0.721995102019705,-0.201437089773065,0.339356029621548,0.530085060622266,0.510492269066722,0.799873621892253,0.653301050706652,0.629989158966977,0.55848465282269,0.134292190815699,0.809979392695031,1,0.430151775122798,0.170942817827506,0.404824749623841,0.401338123152432,0.484843976629889,0.537810117635589,0.692930157545193,0.522235573952617,0.418692349865485,-0.13495747249703,0.477672895107908,0.504258198970451,0.530278961598203,0.529028004593173,0.429251286732761,0.52966851279487,-0.214731988337176,0.634596822887112,0.527465445846955,0.524746624025389,-0.763083482145491,0.115911107437928,0.135256780510869,0.12543147659472,0.11934364676061,0.132004491471417,0.143112457114538,0.151944205307812,-0.0410886516588168,-0.0199051061288161,-0.0390276816182759,-0.0449398474051554,-0.0209666275791961,-0.0240299639775191,-0.0209515220441918,-0.406669446077432,-0.197647328551612,-0.422683445912296
"CL",0.126906580136899,0.125966323884527,0.0948253915145406,0.171360542163373,-0.236500960219138,-0.270025330767178,0.388875311130735,-0.0468826153182224,0.275873465265763,0.786170486816291,0.532689677395684,0.335402053398012,0.442473494935786,0.44074466993267,0.33389404106344,0.105305044108443,0.550461807767199,0.430151775122798,1,0.127021838796035,0.672720523322003,0.561273119108651,0.657313166256205,0.861047381660934,0.688754949663481,0.183541888153882,0.111824068086459,-0.134840641841845,0.453651950157809,0.29746489283103,0.757924962203251,0.759748729124264,0.412246931752073,0.757476483008121,-0.349453081690921,0.45932402901195,0.774009501303437,0.770389481807264,-0.40593465494253,0.334421215397013,0.33417969264048,0.334974352447651,0.18022115310657,0.193285103414247,0.202212630319163,0.206556419671194,0.108583136425236,0.132009263278543,0.129230450203561,0.120592522344504,0.132201485880474,0.11509982910784,0.13145803180959,-0.234609723674294,-0.0322708189210657,-0.26897923100108
"NO3",0.0448248600576168,0.081344037499159,0.12010482621969,0.165940158113383,0.0189489648683269,-0.0180754785837128,0.0133000770343665,0.0216212402934433,0.0292987711112103,0.125610793947386,0.116281698652678,0.160596868070196,-0.0638678050885908,-0.0607687637349709,0.35293138462369,0.742294610135508,0.222805116158611,0.170942817827506,0.127021838796035,1,0.149049910884349,0.155497554997491,0.105979390884067,0.112677196346234,0.127316483291828,0.0264908590859822,0.112256980801554,-0.0585063112187041,0.00212971752027333,0.373671967004678,0.121636543237937,0.122976422704193,0.158667200099966,0.121460438819318,-0.0656405653857664,-0.0595001847531817,0.124269925427643,0.126722883152158,-0.0967413912590182,-0.0455628576973044,-0.0422981628580315,-0.0432651904130494,-0.0542977449033637,-0.050251149428803,-0.0460395140842955,-0.0417128229906268,0.0496881874147945,0.0208190809792724,0.0458329920015401,0.0253922606844102,0.0174334515972435,0.025621879106179,0.0173466206691618,-0.00421254430979187,0.0357417692666507,-0.00843888236659091
"SO4",0.126427215859825,0.10919236613717,0.0540588253890634,0.181280337703016,-0.15778818546032,0.0872273668152058,0.238489820086831,0.000262196669084993,0.391590819222932,0.851157353449188,0.628148536897762,0.297123295140481,0.426865563735832,0.439459805776528,0.355782663911294,0.089739956159815,0.490888564167989,0.404824749623841,0.672720523322003,0.149049910884349,1,0.685808274687057,0.798955826055348,0.800554511465009,0.720078083009754,0.121123139706597,0.169330085431411,-0.186724025393432,0.521559319425829,0.308263466709914,0.845787345695433,0.842166753165008,0.493593532002562,0.845454565577129,-0.270569622580024,0.444646397649701,0.861728710969902,0.831893299761361,-0.311786995889628,0.07322659040127,0.065740601301163,0.0683732813863463,-0.0759876329871261,-0.0582192980197822,-0.0425660008487955,-0.0293664011831231,0.0931024472048124,0.13169140422923,0.143106101096674,0.108653505672043,0.134977592509983,0.135857739681991,0.134959232527501,-0.116908352205986,0.0206644805982163,-0.141822322317173
"CA",0.13132029481683,0.122683556572999,0.0733369645392327,0.204524814806281,-0.114677643217142,0.112813690118032,0.308748968049835,-0.033087544427287,0.598927098670556,0.838312853452602,0.844767506321608,0.340315961387914,0.311232300896187,0.32037788211561,0.357722576059685,0.10784225437756,0.486713185379654,0.401338123152432,0.561273119108651,0.155497554997491,0.685808274687057,1,0.825789472891031,0.596960011430282,0.59877652058251,0.0878725105977409,0.286122397969305,-0.410895939142081,0.579166712964631,0.329428832139447,0.851125489872642,0.850786306545536,0.513958173133117,0.851855123723918,-0.262407776235234,0.350750948591521,0.840552805622013,0.836086933722688,-0.346753055765835,0.140852414231668,0.127451380165746,0.133954089515104,0.0491579133770372,0.0679542171539784,0.0860428500752143,0.102523670232819,0.127752379035502,0.137859979817483,0.129318898366463,0.126000828181659,0.141810080492112,0.137056048651304,0.140960094069486,-0.12583255885051,0.0249185544435225,-0.153852203336679
"MG",0.0626189027876328,0.0394758630443621,-0.0299423749977108,0.120695452079972,-0.221126676065157,0.118129102422627,0.339729314453756,-0.0387757728078264,0.587455334230142,0.926472045989568,0.857600555429734,0.371326483079782,0.548554016985135,0.557237754790599,0.448948662447988,0.060578328873926,0.623990692158807,0.484843976629889,0.657313166256205,0.105979390884067,0.798955826055348,0.825789472891031,1,0.757693516380531,0.767050514793092,0.146245936299272,0.315577206478845,-0.308415004832037,0.68978868243159,0.391018748602901,0.938055337199962,0.936337749422541,0.554744127453255,0.938081482053572,-0.309538613824402,0.569783943445944,0.933242914230192,0.919243053482419,-0.380718863466814,0.0806517942617152,0.0737158840820844,0.0765151569767703,-0.0257543760130535,-0.00731564742199162,0.00945247311224863,0.0243497377424867,0.0637490498598859,0.0859811594514216,0.0854321351270242,0.0700337456545106,0.088822437785536,0.0937536628405415,0.088224019174707,-0.190820506090332,-0.0370286724891679,-0.211750465558229
"Na",0.107105492824993,0.0904573049495957,0.0384816838405267,0.178832678901415,-0.286735851950124,-0.0179811619831138,0.349982104213109,-0.0572893731239529,0.401807520285452,0.894061045548557,0.658851700847678,0.40254907539666,0.562870589218674,0.567182489315647,0.418479397253675,0.0662509777998999,0.603639919120759,0.537810117635589,0.861047381660934,0.112677196346234,0.800554511465009,0.596960011430282,0.757693516380531,1,0.830359138251319,0.225648624864625,0.25882720504326,-0.187614875826313,0.570447177888939,0.358427647634054,0.877018506976155,0.87644098567923,0.519539310656308,0.876607304315889,-0.355425567431989,0.571216986701512,0.888609657212616,0.871444996569475,-0.409665269489517,0.112517579266877,0.117179139932188,0.114066425998068,0.0225561395284428,0.0339780162042151,0.0435712256802102,0.0515860611083228,0.089911787316161,0.119483428859345,0.116381708931496,0.0945385977223219,0.122290446506211,0.116799197661413,0.122126808647876,-0.253627807121318,-0.0582144831821211,-0.279291422668796
"K",0.0731541608663301,0.0631495409569074,0.0255988571002145,0.153037110226354,-0.345681687631138,0.0412369510197826,0.506174941263252,-0.141880352015942,0.460529946295818,0.836910753863595,0.733245628514432,0.557600370446,0.691021764297703,0.691751596284445,0.526369836298804,0.070602115893868,0.72909327349425,0.692930157545193,0.688754949663481,0.127316483291828,0.720078083009754,0.59877652058251,0.767050514793092,0.830359138251319,1,0.304758485141428,0.395997980432675,-0.242707336106976,0.612870744897128,0.462121317405845,0.833549311256242,0.833401072512776,0.49279001020998,0.833312213381355,-0.346175025632554,0.691879240730599,0.835622795032633,0.81962911591207,-0.551911471311554,0.13071103185738,0.128978578758306,0.128948862961144,0.108368898986412,0.125599364575747,0.140438285316109,0.151979687011362,0.0644575117774999,0.0826869956685049,0.0821386152686761,0.0677944437978763,0.0822760716532801,0.0912443886441065,0.0824959814835728,-0.278921389424295,-0.0796197400143898,-0.305985401835628
"COLOR",-0.147307925869237,-0.154066996003873,-0.0921136331491952,-0.0710825454231733,-0.501702020211529,-0.185134355543935,0.4332786026054,-0.20800963710883,-0.0265013181591606,0.182105971123947,0.146549699296696,0.409175586572551,0.616201490808909,0.61613280028764,0.332870227573083,0.0312018454112212,0.529738132843214,0.522235573952617,0.183541888153882,0.0264908590859822,0.121123139706597,0.0878725105977409,0.146245936299272,0.225648624864625,0.304758485141428,1,0.149205619006641,0.100411386227158,0.135463918911265,0.317731815656787,0.182361000171037,0.171659757384303,0.277077487244163,0.180814909383916,0.123789327933296,0.622478957607399,0.181070680891679,0.194791679302415,-0.51847114694783,0.119114360613015,0.147680085617414,0.133047703440048,0.0404671458669813,0.0474617794430494,0.0516081596716,0.0523612546314832,-0.176364301124192,-0.163453746888502,-0.173215186994223,-0.182097672994046,-0.162921971692955,-0.16456337090406,-0.162383899362386,-0.393442016488109,-0.288781312004839,-0.40138975930278
"SIO2",0.0831905321758287,0.081429338427247,0.0455158541841663,0.235272308075366,-0.183915185820004,0.143459280018769,0.280267125131215,-0.156945796162027,0.281142820035642,0.306132036281484,0.414274419062807,0.428884839594672,0.229568392127684,0.221590706951739,0.303692522846193,0.0634127597671375,0.31211793424425,0.418692349865485,0.111824068086459,0.112256980801554,0.169330085431411,0.286122397969305,0.315577206478845,0.25882720504326,0.395997980432675,0.149205619006641,1,-0.210270007137559,0.287399731578094,0.278372358816529,0.317826771997931,0.320441488695325,0.169882899945563,0.318195010857384,-0.144513971103755,0.219263741103119,0.303990800040928,0.305728912871635,-0.311660427300554,-0.0252302925929952,-0.0221369641413775,-0.0234069380128241,0.0781511678566404,0.0817868796449702,0.0862303387448809,0.0913742424866952,0.10909839435141,0.0891490712908395,0.0712087936699627,0.0696972644124674,0.088027221315766,0.107935880378621,0.0876085473779764,-0.0714319013693486,0.0254413207298919,-0.0888579604332682
"H",-0.0599180919256026,-0.0782512297662169,-0.080640453952769,-0.10181276646813,-0.0363548430024581,-0.131725502913966,-0.118699197023856,-0.0433615044287085,-0.531200065009169,-0.290256207543985,-0.595210011135963,-0.108704918966524,-0.0503832641028112,-0.0486839559734055,-0.110545698707845,-0.0415000160839656,-0.151891539566053,-0.13495747249703,-0.134840641841845,-0.0585063112187041,-0.186724025393432,-0.410895939142081,-0.308415004832037,-0.187614875826313,-0.242707336106976,0.100411386227158,-0.210270007137559,1,-0.268940155252076,-0.0939915410962946,-0.312215261903695,-0.324189150111013,-0.0759248036159313,-0.319019173252776,0.240476928588843,-0.0837437119156579,-0.289441293500252,-0.226277281155851,0.0660928130987326,-0.00898845673988544,-0.00110933017519651,-0.00474727056181738,0.00339372087853555,-0.00239473124149363,-0.00909971311890608,-0.0164631569656804,-0.0616436398889794,-0.0544895060544862,-0.0635311667861593,-0.0628826407860227,-0.0542177231403226,-0.0702064053683228,-0.0543025243225549,-0.0682409075412199,-0.0767992306796597,-0.0508551003628287
"OH",0.0348205601765328,0.00401127917764713,-0.0674328780507863,0.0520565129169644,-0.21904249698615,0.16569934466666,0.361748382474151,0.176788949532325,0.709039012104394,0.690888795696743,0.743161062540355,0.374627586274907,0.512767506093064,0.509397193246107,0.319553774098759,-0.000363606092445062,0.571065708039136,0.477672895107908,0.453651950157809,0.00212971752027333,0.521559319425829,0.579166712964631,0.68978868243159,0.570447177888939,0.612870744897128,0.135463918911265,0.287399731578094,-0.268940155252076,1,0.186586808748354,0.701952172864048,0.704041134192764,0.438178250233271,0.702016840991961,-0.330660942337312,0.512979848326667,0.691956049949354,0.690597724079654,-0.320774436814016,0.0261378282581755,0.0219229805967303,0.0225913087291369,-0.0115641017922274,0.00454042444172833,0.0200884255166129,0.0345479148921399,0.0360634791305342,0.0600313728571854,0.060258345274593,0.0514164012829712,0.0667815082166645,0.0739011125122759,0.0663541525411808,-0.145445693180398,-0.0314865942248088,-0.161667533486467
"NH4ION",-0.0566170811571544,-0.0610160497864812,-0.0648887057800958,0.0170371750114734,-0.342615801066698,0.023212922005395,0.284800292904291,-0.311210392175382,0.128649573685874,0.390912853642807,0.366127495255157,0.39361829240334,0.434589209283724,0.440636653742468,0.981068950499014,0.219001755613672,0.526040054069294,0.504258198970451,0.29746489283103,0.373671967004678,0.308263466709914,0.329428832139447,0.391018748602901,0.358427647634054,0.462121317405845,0.317731815656787,0.278372358816529,-0.0939915410962946,0.186586808748354,1,0.394885240023929,0.392879658365632,0.287247090944524,0.393594515266863,-0.0998396702416443,0.444093509440514,0.39334188840569,0.392984950117153,-0.376078437616553,-0.0159786260145984,-0.0101226374699123,-0.0129926608873427,-0.0938387570872635,-0.0832350767642883,-0.0738915671812273,-0.0659154909191779,-0.0492890542354572,-0.0212652435484017,-0.0400034264325431,-0.0456372194446134,-0.0237447470015115,-0.0234892911583605,-0.0233018897946566,-0.231519823182607,-0.126777794715723,-0.237480670152798
"CATSUM",0.0821808561853452,0.0594585734596855,-0.0017745902323161,0.149224969708429,-0.24360642813233,0.0930971445226779,0.34953488209536,-0.0484910302958018,0.581813150092029,0.99781117188284,0.88076682507917,0.404667541447203,0.568503402051692,0.578986483996346,0.458514198804846,0.0738388016056877,0.641868819879035,0.530278961598203,0.757924962203251,0.121636543237937,0.845787345695433,0.851125489872642,0.938055337199962,0.877018506976155,0.833549311256242,0.182361000171037,0.317826771997931,-0.312215261903695,0.701952172864048,0.394885240023929,1,0.999037662256207,0.590053302992363,0.999959143028012,-0.374106483134943,0.588958108482967,0.998641784801393,0.983583605667598,-0.405116269132051,0.0828162438751151,0.0775458919150743,0.0794563398710764,-0.00136647705785938,0.0163690073506517,0.0326542033551772,0.0471071653541791,0.0750430611150827,0.0971594167900248,0.0941176691651698,0.0799341922568827,0.101346278420915,0.102257353943004,0.100848866084685,-0.211198240312339,-0.0439404424099192,-0.23239882597938
"ANSUM2",0.0844543735744429,0.0628167656474875,0.00200192372312897,0.15209431669117,-0.239824343324727,0.0912066368952951,0.349305581861215,-0.0456019237850162,0.586932083312484,0.997537538984205,0.882437725074427,0.406401758353258,0.559324866419598,0.569380234297543,0.45662480883494,0.0757561044301185,0.637636738577035,0.529028004593173,0.759748729124264,0.122976422704193,0.842166753165008,0.850786306545536,0.936337749422541,0.87644098567923,0.833401072512776,0.171659757384303,0.320441488695325,-0.324189150111013,0.704041134192764,0.392879658365632,0.999037662256207,1,0.563572792707219,0.999146045463112,-0.409563842766401,0.579627921554613,0.998007402979755,0.979981785223501,-0.40086708887266,0.0870067754444795,0.0813334010827831,0.0835004805358657,0.000701768871830062,0.0183004232504896,0.0345188853942813,0.0489705669978218,0.0786831510355349,0.100235067142372,0.096368600504742,0.0828332341153051,0.104333915896038,0.10444097303194,0.103794289446193,-0.207906442566278,-0.0405107551649071,-0.229278775440238
"ANDEF2",0.082621304944349,0.0714524697036227,0.0146904266571723,0.128423401933183,-0.207145014864622,0.0745531878885271,0.282819116940715,-0.156401329904877,0.27808623847052,0.579964392380103,0.520386105867082,0.335550332879231,0.50387739007771,0.516452467628073,0.329225083776225,0.0914963173545853,0.489742447894615,0.429251286732761,0.412246931752073,0.158667200099966,0.493593532002562,0.513958173133117,0.554744127453255,0.519539310656308,0.49279001020998,0.277077487244163,0.169882899945563,-0.0759248036159313,0.438178250233271,0.287247090944524,0.590053302992363,0.563572792707219,1,0.588347455437489,0.331056332180815,0.512692780948804,0.582121824765435,0.578037678880023,-0.347198247265159,0.0404512855690602,0.0491491909946759,0.0447240905420323,0.0276428268198827,0.03766187775402,0.0473793472897666,0.0571195160559949,0.0672208148020699,0.132219947028058,0.135573602330918,0.0621937727002125,0.132169873852233,0.159132219625131,0.134010682765169,-0.131900782657561,-0.00244077158630464,-0.163745233517745
"SOBC",0.0823590413129301,0.0598398164855021,-0.00121635555334374,0.149609714838415,-0.242695017418992,0.0937025532192482,0.349264836175425,-0.0477588252326582,0.583868292680206,0.997634362838075,0.881114345864399,0.404068994020307,0.567416588963203,0.577866729622074,0.457258271420407,0.0738199357568934,0.641164692968113,0.52966851279487,0.757476483008121,0.121460438819318,0.845454565577129,0.851855123723918,0.938081482053572,0.876607304315889,0.833312213381355,0.180814909383916,0.318195010857384,-0.319019173252776,0.702016840991961,0.393594515266863,0.999959143028012,0.999146045463112,0.588347455437489,1,-0.375517772886682,0.588079782886863,0.998446797797302,0.982378486193882,-0.404259759862737,0.082590231429106,0.0772463538550304,0.0791926867431998,-0.00120412300418903,0.0165186984768584,0.0327928808024967,0.0472389500833251,0.0753429992577613,0.0972478018155105,0.0942661719022222,0.0801285767791193,0.101433823310357,0.102422384017959,0.100936517001982,-0.210141896454168,-0.0432924220258682,-0.231394515130431
"BALANCE2",-0.0781064747293791,-0.0779882702847271,-0.0497002492074391,-0.0929683246708257,0.00822567521108924,-0.00426160890257567,-0.0991072787161869,-0.0271508318775497,-0.289343611769378,-0.392877670990263,-0.36600851321309,-0.179076685036469,-0.0732785389932185,-0.0718997837626059,-0.13831880005857,-0.0612690228838037,-0.163496944867829,-0.214731988337176,-0.349453081690921,-0.0656405653857664,-0.270569622580024,-0.262407776235234,-0.309538613824402,-0.355425567431989,-0.346175025632554,0.123789327933296,-0.144513971103755,0.240476928588843,-0.330660942337312,-0.0998396702416443,-0.374106483134943,-0.409563842766401,0.331056332180815,-0.375517772886682,1,-0.0741195264896412,-0.384585057097879,-0.349554684458219,0.0476272850257291,-0.100288514669399,-0.0917764791401266,-0.096657502017482,-0.017649448191485,-0.0219118331093074,-0.0274370775677177,-0.0338710574588288,-0.0934679923190211,-0.102939458651097,-0.0829033821710377,-0.0841003167341936,-0.100073577327593,-0.0835962180469383,-0.0992392070577838,0.0223010134180553,-0.0473661059727064,0.0282973836550227
"ORGION",-0.126711735940201,-0.181423239131828,-0.222981205652074,-0.13278380456885,-0.534416100674738,-0.0326692529183771,0.505688413244513,-0.156051005156485,0.289212751001191,0.584029901143698,0.526091516154491,0.488137892941058,0.988082392438703,0.995329859286498,0.509788830952844,-0.0575880654307722,0.794341942951764,0.634596822887112,0.45932402901195,-0.0595001847531817,0.444646397649701,0.350750948591521,0.569783943445944,0.571216986701512,0.691879240730599,0.622478957607399,0.219263741103119,-0.0837437119156579,0.512979848326667,0.444093509440514,0.588958108482967,0.579627921554613,0.512692780948804,0.588079782886863,-0.0741195264896412,1,0.584636323484553,0.5789723070754,-0.563695017397715,0.0792649148383853,0.0895926710015382,0.0836065462667394,0.0150580101704394,0.0295348055938598,0.0398896799952488,0.0457196420749954,-0.146860672923457,-0.101190314347214,-0.118134969443954,-0.131253793816101,-0.0937566569258494,-0.0871693005215393,-0.0935834180396165,-0.39083523415366,-0.249192353945169,-0.398731096965121
"CONCAL2",0.0840891265687133,0.0609116534837915,-0.000327152188169678,0.14846833298514,-0.245845077077953,0.0800016673639632,0.348692201424436,-0.046931648068128,0.562542005254885,0.998912698279771,0.861108575407078,0.401959176176832,0.565477964807441,0.575644620968103,0.456365134735518,0.0765697522136732,0.639754364398612,0.527465445846955,0.774009501303437,0.124269925427643,0.861728710969902,0.840552805622013,0.933242914230192,0.888609657212616,0.835622795032633,0.181070680891679,0.303990800040928,-0.289441293500252,0.691956049949354,0.39334188840569,0.998641784801393,0.998007402979755,0.582121824765435,0.998446797797302,-0.384585057097879,0.584636323484553,1,0.984791798071123,-0.403097044598191,0.0901344066510607,0.0847520608305592,0.0867336427342683,-0.00121390928855336,0.0165292610221063,0.0326899936924827,0.0468660056132552,0.0751469324110909,0.099268327133642,0.0958889195778909,0.0807407549587906,0.10340617467123,0.102740186687841,0.102884535819352,-0.212964354991235,-0.0442892465262334,-0.234199322631044
"CONDHO2",0.083303246452946,0.0593120836310204,-0.00131404418505908,0.147628271243354,-0.246215789114832,0.0672122403613677,0.35037411065208,-0.0555084653727144,0.548138468007088,0.985062025152841,0.875391370225642,0.406128750313191,0.560071159896178,0.570089659340432,0.454436715834829,0.0788181875010528,0.638268369688148,0.524746624025389,0.770389481807264,0.126722883152158,0.831893299761361,0.836086933722688,0.919243053482419,0.871444996569475,0.81962911591207,0.194791679302415,0.305728912871635,-0.226277281155851,0.690597724079654,0.392984950117153,0.983583605667598,0.979981785223501,0.578037678880023,0.982378486193882,-0.349554684458219,0.5789723070754,0.984791798071123,1,-0.411808836010038,0.106449317378328,0.101947771919788,0.103604385957643,0.00637024822079488,0.0241974617241651,0.0404511224534691,0.0546267171387584,0.0721474942065103,0.0979571531104264,0.0941227628935926,0.0803716484525211,0.101951410214863,0.0981038025025355,0.101398470166211,-0.223665275871364,-0.0505204174772393,-0.245296022250191
